        1.18000        0.02850        0.00071        0.35098        0.28385-254328852712.78131       -1.43942   547821.18086
        0.54000        0.25539        0.08189        0.49980        0.80651-13728545471536.28320       -3.22271  2722758.62952
        1.80000        0.02513        0.00035        0.33834        0.18025-102296090808.67157       -1.27236   429107.17013
        1.06000        0.02963        0.00085        0.35447        0.31867-315975278625.10809       -1.47971   578734.65020
        1.90000        0.02484        0.00033        0.33739        0.17034-89720366845.22099       -1.24772   412878.54994
        0.86000        0.03295        0.00131        0.36204        0.39991-484876396510.06586       -1.56332   645750.49438
        1.92000        0.02470        0.00033        0.33655        0.16820-87578439124.00552       -1.24334   410061.70647
        0.42000        0.33271        0.17155        0.50128        1.03938-17807216695246.97656       -3.22991  2734781.71195
        1.78000        0.02523        0.00037        0.33912        0.18264-104212821120.80682       -1.27461   430695.74132
        1.84000        0.02506        0.00035        0.33814        0.17624-98347100093.63918       -1.26667   425392.36497
        0.52000        0.26281        0.09013        0.49994        0.83739-14301321805030.18750       -3.22530  2727029.03149
        1.04000        0.02989        0.00087        0.35510        0.32529-327809797167.13593       -1.48634   583885.42459
        1.44000        0.02691        0.00051        0.34536        0.22939-168729129747.11319       -1.36472   492919.81786
        1.82000        0.02510        0.00036        0.33847        0.17833-99905277885.02121       -1.26826   426412.48311
        1.42000        0.02691        0.00052        0.34554        0.23272-174018726744.73184       -1.37053   497098.17137
        1.24000        0.02819        0.00066        0.34968        0.26925-230168029372.40591       -1.42130   534236.23653
        0.46000        0.28796        0.11698        0.50229        0.94967-16231157840608.41406       -3.22854  2732459.07685
        0.20000        1.00000        0.00000        0.43920        1.88350-37864289226044.85156       -3.24000  2751882.60019
        0.18000        1.00000        0.00000        0.43920        2.09278-42071440246355.51562       -3.24000  2751882.85440
        1.64000        0.02577        0.00041        0.34144        0.19942-126752659929.12117       -1.31197   455932.40977
        0.14000        1.00000        0.00000        0.43920        2.69071-54091851745314.23438       -3.24000  2751882.85440
        0.66000        0.04091        0.00274        0.37605        0.53786-923131723339.67041       -1.71748   780555.53127
        0.72000        0.03702        0.00200        0.37037        0.48687-725914757641.94580       -1.65398   722951.32997
        0.08000        1.00000        0.00000        0.43920        4.70875-94660740554299.92188       -3.24000  2751882.85440
        0.36000        0.33884        0.14492        0.50965        1.22237-20805690433729.02344       -3.23110  2736795.30768
        0.96000        0.03076        0.00102        0.35749        0.35442-380894714292.44781       -1.51228   604697.38359
        1.66000        0.02589        0.00042        0.34136        0.19698-125379392873.35417       -1.31197   456212.44193
        0.04000        1.00000        0.00000        0.43920        9.41750-189321481108599.84375       -3.24000  2751882.85440
        0.06000        1.00000        0.00000        0.50000        7.29167-126214320739066.56250       -3.24000  2751882.85440
        1.16000        0.02871        0.00074        0.35145        0.28907-263227000251.81107       -1.44566   552578.79103
        1.38000        0.02717        0.00055        0.34662        0.24011-184646065837.83499       -1.38126   504788.63978
        0.12000        1.00000        0.00000        0.43920        3.13917-63107160369533.28125       -3.24000  2751882.85440
        0.10000        1.00000        0.00000        0.43920        3.76700-75728592443439.93750       -3.24000  2751882.85440
        0.16000        1.00000        0.00000        0.43920        2.35438-47330370277149.96094       -3.24000  2751882.85440
        0.22000        1.00000        0.00000        0.43920        1.71227-34422081643434.43750       -3.24000  2751882.62133
        1.14000        0.02898        0.00076        0.35173        0.29434-272900488932.39200       -1.45253   557769.26895
        0.40000        0.38641        0.19200        0.50200        1.09179-18724865892039.37109       -3.23109  2736776.63627
        1.26000        0.02785        0.00063        0.34922        0.26468-222517847196.73795       -1.41495   529502.11281
        0.02000        1.00000        0.00000        0.43920       18.83500-378642962217199.68750       -3.24000  2751882.85440
        0.24000        1.00000        0.00000        0.43920        1.56958-31553569494863.58984       -3.24000  2751882.38825
        1.88000        0.02484        0.00034        0.33742        0.17217-92374883628.39883       -1.25358   416731.06582
        0.64000        0.04280        0.00315        0.37871        0.55787-1014786729078.93298       -1.74454   805892.98707
        1.46000        0.02682        0.00050        0.34489        0.22597-164086307869.88315       -1.35983   489454.80842
        0.70000        0.03813        0.00219        0.37157        0.50213-777332694709.49890       -1.67062   737653.63572
        0.26000        0.74810        0.32596        0.43758        1.44149-28973328942581.10938       -3.23573  2744643.05968
        1.28000        0.02779        0.00062        0.34864        0.26017-216182119111.75122       -1.41027   526035.27682
        1.56000        0.02614        0.00045        0.34272        0.21032-141719585105.72433       -1.33255   470194.16496
        1.00000        0.03049        0.00096        0.35624        0.33923-354747281646.05566       -1.50123   595606.65010
        1.60000        0.02621        0.00044        0.34248        0.20494-133649029801.71410       -1.32135   462426.69439
        1.72000        0.02530        0.00038        0.33999        0.18944-114239763072.67961       -1.29336   443274.62423
        1.02000        0.03012        0.00091        0.35546        0.33197-340929673343.24127       -1.49375   589701.84569
        0.48000        0.29695        0.11801        0.44024        0.78193-15543930749678.80469       -3.22797  2731498.99503
        0.60000        0.08297        0.02552        0.40555        0.62763-2367361063852.57227       -2.05924  1191812.33351
        0.84000        0.03319        0.00137        0.36284        0.41019-509820879986.97968       -1.57379   654407.77745
        1.40000        0.02708        0.00054        0.34624        0.23645-179115921838.18433       -1.37561   500761.71037
        0.28000        0.90833        0.07737        0.45054        1.36040-26988982610162.78125       -3.23829  2748984.38170
        1.32000        0.02750        0.00059        0.34769        0.25169-202616338008.33252       -1.39816   517159.13041
        0.82000        0.03351        0.00142        0.36355        0.42089-535706974745.23151       -1.58380   662781.80368
        0.50000        0.27956        0.09504        0.50046        0.87119-14901913552614.75977       -3.22686  2729644.07502
        0.74000        0.03644        0.00188        0.36865        0.47188-679279538949.04871       -1.63795   708990.02731
        0.68000        0.03932        0.00241        0.37357        0.51920-842225222439.44897       -1.69195   756778.13873
        0.30000        0.47359        0.28220        0.44459        1.25665-25053564217742.71094       -3.23391  2741545.05076
        1.22000        0.02825        0.00067        0.35040        0.27415-237411798184.19421       -1.42660   538184.34926
        0.32000        0.54771        0.24028        0.43967        1.17389-23492219721489.64453       -3.23406  2741807.85448
        0.62000        0.04712        0.00490        0.38320        0.58136-1176547672028.06763       -1.78973   854084.04543
        0.58000        0.21674        0.06823        0.48324        0.73482-10320752825509.94727       -3.01737  2446637.82338
        1.76000        0.02529        0.00037        0.33929        0.18480-107944482870.82828       -1.28241   435869.57895
        0.94000        0.03118        0.00107        0.35861        0.36292-402256547255.64642       -1.52546   614915.56690
        0.38000        0.40469        0.18376        0.43517        0.98103-19720300162510.74219       -3.23150  2737464.89690
        1.58000        0.02591        0.00044        0.34274        0.20768-137809880234.83286       -1.32744   466625.77165
        1.54000        0.02619        0.00046        0.34343        0.21344-145948183459.27551       -1.33816   474088.81291
        1.10000        0.02931        0.00080        0.35316        0.30611-292909261464.49847       -1.46538   567626.80311
        1.50000        0.02655        0.00048        0.34423        0.21958-154204160725.42639       -1.34787   480943.07468
        0.34000        0.47264        0.23500        0.44729        1.11355-22085445172523.73047       -3.23315  2740264.83367
        1.62000        0.02586        0.00042        0.34198        0.20216-130215135216.50220       -1.31680   459291.32264
        1.30000        0.02758        0.00060        0.34845        0.25604-209315968365.56985       -1.40429   521642.36683
        0.88000        0.03237        0.00123        0.36048        0.38939-461057088679.84546       -1.55265   636969.57387
        1.34000        0.02778        0.00060        0.34848        0.24842-205375318642.33679       -1.40772   524597.87169
        0.98000        0.03037        0.00096        0.35574        0.34574-355926555614.85400       -1.49434   590599.71597
        1.70000        0.02562        0.00040        0.34044        0.19189-116861376848.38347       -1.29703   445717.78138
        1.08000        0.02941        0.00082        0.35395        0.31239-303807798766.08264       -1.47211   572810.98337
        1.48000        0.02657        0.00050        0.34443        0.22266-159073722138.54672       -1.35390   485210.37578
        1.86000        0.02495        0.00034        0.33793        0.17425-94439410074.74504       -1.25716   419114.90398
        0.76000        0.03542        0.00172        0.36704        0.45777-636749095872.83911       -1.62261   695650.28057
        1.68000        0.02561        0.00040        0.34079        0.19435-120193596449.20523       -1.30226   449360.92624
        1.74000        0.02532        0.00038        0.33994        0.18724-110716421229.98944       -1.28694   438915.22295
        1.36000        0.02725        0.00057        0.34702        0.24388-191141430561.35727       -1.38802   509855.22020
        0.90000        0.03255        0.00122        0.36184        0.38194-462141386268.79816       -1.56199   644924.21853
        0.80000        0.03322        0.00144        0.36290        0.43075-537705336486.47675       -1.57524   655869.09455
        0.92000        0.03135        0.00110        0.35922        0.37136-419517285852.00739       -1.53334   621253.49334
        0.56000        0.25877        0.08109        0.49852        0.77611-13047954868628.75195       -3.20898  2703119.44361
        0.44000        0.30741        0.12771        0.50329        0.99399-16981900728945.93164       -3.22916  2733502.57376
        1.12000        0.02928        0.00079        0.35263        0.30026-282598988050.19110       -1.45881   562592.98486
        1.20000        0.02861        0.00070        0.35063        0.27887-246410973664.00296       -1.43406   543776.76338
        0.78000        0.03498        0.00163        0.36601        0.44499-600644908515.68542       -1.60943   684472.81074
        1.52000        0.02636        0.00047        0.34361        0.21635-149929570712.50037       -1.34286   477381.34388
